round N threads trial wall_s user_s kernel_s cpu_total_s checksum seed 
400 1 1 0.075777 0.062500 0.000000 0.062500 610937452298 123456789
2000 1 1 13.532437 13.437500 0.031250 13.468750 1210157587741 123456789
3000 1 1 69.591735 68.906250 0.156250 69.062500 6064806848691 123456789
4000 1 1 171.150226 170.015625 0.312500 170.328125 -5063386896229 123456789
400 1 1 0.074013 0.078125 0.000000 0.078125 610937452298 123456789
2000 1 1 13.669345 13.546875 0.031250 13.578125 1210157587741 123456789
3000 1 1 69.790742 69.390625 0.140625 69.531250 6064806848691 123456789
4000 1 1 170.946847 170.171875 0.140625 170.312500 -5063386896229 123456789
400 1 1 0.073848 0.062500 0.000000 0.062500 610937452298 123456789
2000 1 1 14.151526 14.062500 0.015625 14.078125 1210157587741 123456789
3000 1 1 69.586401 69.250000 0.046875 69.296875 6064806848691 123456789
4000 1 1 170.935172 170.015625 0.250000 170.265625 -5063386896229 123456789
400 1 1 0.074005 0.078125 0.000000 0.078125 610937452298 123456789
2000 1 1 13.383107 13.328125 0.000000 13.328125 1210157587741 123456789
3000 1 1 69.147055 68.625000 0.093750 68.718750 6064806848691 123456789
4000 1 1 170.983282 170.171875 0.187500 170.359375 -5063386896229 123456789
400 1 1 0.074731 0.078125 0.000000 0.078125 610937452298 123456789
2000 1 1 13.554891 13.406250 0.062500 13.468750 1210157587741 123456789
3000 1 1 69.576846 69.187500 0.109375 69.296875 6064806848691 123456789
4000 1 1 170.698656 169.828125 0.109375 169.937500 -5063386896229 123456789
400 1 1 0.073890 0.078125 0.000000 0.078125 610937452298 123456789
2000 1 1 13.449671 13.390625 0.000000 13.390625 1210157587741 123456789
3000 1 1 69.232857 69.031250 0.031250 69.062500 6064806848691 123456789
4000 1 1 191.237831 170.593750 0.328125 170.921875 -5063386896229 123456789
400 1 1 0.073853 0.078125 0.000000 0.078125 610937452298 123456789
2000 1 1 13.985287 13.937500 0.015625 13.953125 1210157587741 123456789
3000 1 1 69.518740 69.109375 0.062500 69.171875 6064806848691 123456789
4000 1 1 170.536396 169.890625 0.156250 170.046875 -5063386896229 123456789
400 1 1 0.073924 0.062500 0.000000 0.062500 610937452298 123456789
2000 1 1 13.545336 13.531250 0.000000 13.531250 1210157587741 123456789
3000 1 1 68.289371 67.859375 0.109375 67.968750 6064806848691 123456789
4000 1 1 170.797101 170.031250 0.218750 170.250000 -5063386896229 123456789
400 1 1 0.073746 0.062500 0.000000 0.062500 610937452298 123456789
2000 1 1 13.482249 13.406250 0.031250 13.437500 1210157587741 123456789
3000 1 1 69.850532 69.578125 0.015625 69.593750 6064806848691 123456789
4000 1 1 171.894728 170.921875 0.250000 171.171875 -5063386896229 123456789
400 1 1 0.073756 0.062500 0.000000 0.062500 610937452298 123456789
2000 1 1 13.914821 13.859375 0.015625 13.875000 1210157587741 123456789
3000 1 1 69.976752 69.750000 0.078125 69.828125 6064806848691 123456789
4000 1 1 171.832409 170.921875 0.265625 171.187500 -5063386896229 123456789
