N threads trial wall_s user_s kernel_s cpu_total_s checksum seed
400 1 0.052767 0.052633 0.000133 0.052766 563100824676 1
600 1 0.182322 0.181864 0.000449 0.182313 -263049949752 1
800 1 0.436738 0.435494 0.001236 0.436730 -521594921133 1
1000 1 0.866502 0.852867 0.002257 0.855124 486090826295 1
2000 1 7.199942 7.002249 0.170924 7.173173 1646329126620 1
4000 1 54.717010 54.327615 0.127699 54.455314 840815369075 1
5500 1 140.324236 140.123634 0.167576 140.291210 -4731253484930 1
6000 1 182.377874 182.196282 0.175787 182.372069 4368117670199 1
8000 1 435.474159 435.242078 0.215662 435.457740 -14366565295838 1
400 1 0.054605 0.054592 0.000013 0.054605 563100824676 1
600 1 0.182826 0.182774 0.000043 0.182817 -263049949752 1
800 1 0.438792 0.438729 0.000055 0.438784 -521594921133 1
1000 1 0.847570 0.847413 0.000137 0.847550 486090826295 1
2000 1 6.765889 6.764069 0.001670 6.765739 1646329126620 1
4000 1 54.209710 54.138233 0.009513 54.147746 840815369075 1
5500 1 140.140071 140.107338 0.023654 140.130992 -4731253484930 1
6000 1 182.378610 182.196146 0.176261 182.372407 4368117670199 1
8000 1 435.274820 434.830889 0.424167 435.255056 -14366565295838 1
400 1 0.054634 0.054603 0.000029 0.054632 563100824676 1
600 1 0.183235 0.183047 0.000176 0.183223 -263049949752 1
800 1 0.451946 0.446314 0.000720 0.447034 -521594921133 1
1000 1 0.848053 0.847618 0.000369 0.847987 486090826295 1
2000 1 6.769781 6.762665 0.006957 6.769622 1646329126620 1
4000 1 54.195092 54.138893 0.053046 54.191939 840815369075 1
5500 1 140.242414 140.107106 0.129796 140.236902 -4731253484930 1
6000 1 182.369718 182.176953 0.173332 182.350285 4368117670199 1
8000 1 435.222101 434.778266 0.425160 435.203426 -14366565295838 1
400 1 0.054816 0.054748 0.000064 0.054812 563100824676 1
600 1 0.183178 0.182948 0.000228 0.183176 -263049949752 1
800 1 0.436470 0.435963 0.000456 0.436419 -521594921133 1
1000 1 0.857765 0.854833 0.000542 0.855375 486090826295 1
2000 1 6.766641 6.760860 0.005606 6.766466 1646329126620 1
4000 1 54.196381 54.139176 0.054277 54.193453 840815369075 1
5500 1 140.359035 140.144685 0.187768 140.332453 -4731253484930 1
6000 1 182.401099 182.215337 0.178935 182.394272 4368117670199 1
8000 1 435.351371 434.895536 0.400972 435.296508 -14366565295838 1
400 1 0.054792 0.054696 0.000093 0.054789 563100824676 1
600 1 0.183172 0.183052 0.000107 0.183159 -263049949752 1
800 1 0.436569 0.436314 0.000243 0.436557 -521594921133 1
1000 1 0.848564 0.848178 0.000300 0.848478 486090826295 1
2000 1 6.766903 6.762503 0.004139 6.766642 1646329126620 1
4000 1 54.167418 54.127493 0.038142 54.165635 840815369075 1
5500 1 140.197885 140.094305 0.099349 140.193654 -4731253484930 1
6000 1 182.316085 182.184623 0.126133 182.310756 4368117670199 1
8000 1 435.191136 434.856274 0.312890 435.169164 -14366565295838 1
400 1 0.054832 0.054798 0.000030 0.054828 563100824676 1
600 1 0.182927 0.182786 0.000128 0.182914 -263049949752 1
800 1 0.436524 0.436106 0.000374 0.436480 -521594921133 1
1000 1 0.847971 0.847330 0.000571 0.847901 486090826295 1
2000 1 6.767659 6.761212 0.006260 6.767472 1646329126620 1
4000 1 54.173822 54.128041 0.044055 54.172096 840815369075 1
5500 1 140.194851 140.091773 0.098357 140.190130 -4731253484930 1
6000 1 182.338993 182.201031 0.132054 182.333085 4368117670199 1
8000 1 435.159279 434.824609 0.317232 435.141841 -14366565295838 1
400 1 0.054775 0.054748 0.000024 0.054772 563100824676 1
600 1 0.183675 0.183522 0.000103 0.183625 -263049949752 1
800 1 0.445691 0.443072 0.000577 0.443649 -521594921133 1
1000 1 0.847407 0.847050 0.000320 0.847370 486090826295 1
2000 1 6.766656 6.762213 0.004253 6.766466 1646329126620 1
4000 1 54.164474 54.125455 0.037431 54.162886 840815369075 1
5500 1 140.129489 140.028173 0.096928 140.125101 -4731253484930 1
6000 1 182.328575 182.197188 0.124888 182.322076 4368117670199 1
8000 1 435.172777 434.844365 0.311294 435.155659 -14366565295838 1
400 1 0.054695 0.054634 0.000052 0.054686 563100824676 1
600 1 0.183784 0.183636 0.000144 0.183780 -263049949752 1
800 1 0.436582 0.436149 0.000372 0.436521 -521594921133 1
1000 1 0.847969 0.847429 0.000401 0.847830 486090826295 1
2000 1 6.767275 6.762519 0.004558 6.767077 1646329126620 1
4000 1 54.189353 54.146593 0.038585 54.185178 840815369075 1
5500 1 140.215688 140.100087 0.102285 140.202372 -4731253484930 1
6000 1 182.338754 182.200345 0.127664 182.328009 4368117670199 1
8000 1 435.123527 434.782954 0.320007 435.102961 -14366565295838 1
400 1 0.054887 0.054847 0.000037 0.054884 563100824676 1
600 1 0.183507 0.183357 0.000137 0.183494 -263049949752 1
800 1 0.436168 0.435786 0.000341 0.436127 -521594921133 1
1000 1 0.858010 0.855485 0.000676 0.856161 486090826295 1
2000 1 6.765843 6.761361 0.004291 6.765652 1646329126620 1
4000 1 54.168792 54.129869 0.037248 54.167117 840815369075 1
5500 1 140.198722 140.096421 0.098076 140.194497 -4731253484930 1
6000 1 182.327071 182.192709 0.126489 182.319198 4368117670199 1
8000 1 435.180655 434.846140 0.313560 435.159700 -14366565295838 1
400 1 0.054697 0.054665 0.000029 0.054694 563100824676 1
600 1 0.183298 0.183159 0.000128 0.183287 -263049949752 1
800 1 0.436356 0.436018 0.000295 0.436313 -521594921133 1
1000 1 0.848227 0.847737 0.000411 0.848148 486090826295 1
2000 1 6.765922 6.761409 0.004306 6.765715 1646329126620 1
4000 1 54.179342 54.133502 0.043801 54.177303 840815369075 1
5500 1 140.195060 140.083077 0.100828 140.183905 -4731253484930 1
6000 1 182.338797 182.200947 0.131974 182.332921 4368117670199 1
8000 1 435.245710 434.888109 0.340119 435.228228 -14366565295838 1
