N procesos trial wall_s user_s kernel_s cpu_total_s checksum seed
400 2 1 0.035015 0.000055 0.000232 0.000287 828679322912 123456789
400 4 1 0.018825 0.000086 0.000327 0.000413 828679322912 123456789
600 2 1 0.112956 0.000048 0.000202 0.000250 146500783793 123456789
600 4 1 0.061427 0.000086 0.000360 0.000446 146500783793 123456789
800 2 1 0.270422 0.000048 0.000181 0.000229 558985527324 123456789
800 4 1 0.143968 0.000084 0.000317 0.000401 558985527324 123456789
1000 2 1 0.551595 0.000048 0.000204 0.000252 -203584809775 123456789
1000 4 1 0.334718 0.000097 0.000362 0.000459 -203584809775 123456789
2000 2 1 6.007642 0.000052 0.000340 0.000392 -1067493743601 123456789
2000 4 1 2.820526 0.000101 0.000445 0.000546 -1067493743601 123456789
4000 2 1 128.481924 0.000056 0.000257 0.000313 -4380136852933 123456789
4000 4 1 75.857795 0.000098 0.000465 0.000563 -4380136852933 123456789
5500 2 1 303.887400 0.000057 0.000265 0.000322 1977819930506 123456789
5500 4 1 215.399232 0.000094 0.000453 0.000547 1977819930506 123456789
6000 2 1 395.423207 0.000058 0.000290 0.000348 -6828338004005 123456789
6000 4 1 265.174049 0.000094 0.000439 0.000533 -6828338004005 123456789
8000 2 1 870.858869 0.000056 0.000285 0.000341 4274878840897 123456789
8000 4 1 596.377447 0.000100 0.000440 0.000540 4274878840897 123456789
400 2 1 0.035003 0.000040 0.000192 0.000232 828679322912 123456789
400 4 1 0.019495 0.000089 0.000334 0.000423 828679322912 123456789
600 2 1 0.128798 0.000047 0.000216 0.000263 146500783793 123456789
600 4 1 0.083485 0.000114 0.000413 0.000527 146500783793 123456789
800 2 1 0.390550 0.000066 0.000240 0.000306 558985527324 123456789
800 4 1 0.253201 0.000144 0.000477 0.000621 558985527324 123456789
1000 2 1 0.743749 0.000064 0.000285 0.000349 -203584809775 123456789
1000 4 1 0.528198 0.000153 0.000618 0.000771 -203584809775 123456789
2000 2 1 6.750785 0.000066 0.000263 0.000329 -1067493743601 123456789
2000 4 1 4.687143 0.000157 0.000572 0.000729 -1067493743601 123456789
4000 2 1 138.898999 0.000056 0.000255 0.000311 -4380136852933 123456789
4000 4 1 92.155397 0.000100 0.000446 0.000546 -4380136852933 123456789
5500 2 1 326.055552 0.000056 0.000271 0.000327 1977819930506 123456789
5500 4 1 218.158347 0.000099 0.000460 0.000559 1977819930506 123456789
6000 2 1 394.789176 0.000058 0.000262 0.000320 -6828338004005 123456789
6000 4 1 264.439554 0.000099 0.000439 0.000538 -6828338004005 123456789
8000 2 1 841.905441 0.000057 0.000270 0.000327 4274878840897 123456789
8000 4 1 561.452569 0.000101 0.000420 0.000521 4274878840897 123456789
400 2 1 0.034367 0.000048 0.000194 0.000242 828679322912 123456789
400 4 1 0.020260 0.000084 0.000304 0.000388 828679322912 123456789
600 2 1 0.111422 0.000044 0.000186 0.000230 146500783793 123456789
600 4 1 0.063343 0.000080 0.000329 0.000409 146500783793 123456789
800 2 1 0.277744 0.000050 0.000198 0.000248 558985527324 123456789
800 4 1 0.161355 0.000093 0.000337 0.000430 558985527324 123456789
1000 2 1 0.598125 0.000054 0.000228 0.000282 -203584809775 123456789
1000 4 1 0.447146 0.000119 0.000469 0.000588 -203584809775 123456789
2000 2 1 6.259101 0.000063 0.000264 0.000327 -1067493743601 123456789
2000 4 1 4.375543 0.000141 0.000528 0.000669 -1067493743601 123456789
4000 2 1 135.022700 0.000056 0.000244 0.000300 -4380136852933 123456789
4000 4 1 88.806495 0.000102 0.000443 0.000545 -4380136852933 123456789
5500 2 1 317.036852 0.000054 0.000270 0.000324 1977819930506 123456789
5500 4 1 212.244051 0.000098 0.000426 0.000524 1977819930506 123456789
6000 2 1 389.248693 0.000058 0.000253 0.000311 -6828338004005 123456789
6000 4 1 254.013976 0.000097 0.000423 0.000520 -6828338004005 123456789
8000 2 1 823.739714 0.000058 0.000248 0.000306 4274878840897 123456789
8000 4 1 558.583345 0.000098 0.000462 0.000560 4274878840897 123456789
400 2 1 0.034555 0.000047 0.000213 0.000260 828679322912 123456789
400 4 1 0.019317 0.000087 0.000332 0.000419 828679322912 123456789
600 2 1 0.122611 0.000047 0.000195 0.000242 146500783793 123456789
600 4 1 0.075091 0.000091 0.000373 0.000464 146500783793 123456789
800 2 1 0.343864 0.000060 0.000227 0.000287 558985527324 123456789
800 4 1 0.221110 0.000130 0.000473 0.000603 558985527324 123456789
1000 2 1 0.688679 0.000058 0.000231 0.000289 -203584809775 123456789
1000 4 1 0.474966 0.000140 0.000505 0.000645 -203584809775 123456789
2000 2 1 6.263114 0.000060 0.000244 0.000304 -1067493743601 123456789
2000 4 1 4.326403 0.000155 0.000526 0.000681 -1067493743601 123456789
4000 2 1 133.707119 0.000059 0.000257 0.000316 -4380136852933 123456789
4000 4 1 85.815509 0.000096 0.000422 0.000518 -4380136852933 123456789
5500 2 1 314.962326 0.000059 0.000257 0.000316 1977819930506 123456789
5500 4 1 205.382197 0.000095 0.000433 0.000528 1977819930506 123456789
6000 2 1 386.451970 0.000060 0.000260 0.000320 -6828338004005 123456789
6000 4 1 247.480551 0.000101 0.000447 0.000548 -6828338004005 123456789
8000 2 1 818.449735 0.000060 0.000279 0.000339 4274878840897 123456789
8000 4 1 532.150888 0.000096 0.000432 0.000528 4274878840897 123456789
400 2 1 0.034288 0.000044 0.000194 0.000238 828679322912 123456789
400 4 1 0.020283 0.000086 0.000327 0.000413 828679322912 123456789
600 2 1 0.113760 0.000044 0.000209 0.000253 146500783793 123456789
600 4 1 0.063720 0.000085 0.000348 0.000433 146500783793 123456789
800 2 1 0.282250 0.000048 0.000202 0.000250 558985527324 123456789
800 4 1 0.152760 0.000091 0.000363 0.000454 558985527324 123456789
1000 2 1 0.577008 0.000055 0.000221 0.000276 -203584809775 123456789
1000 4 1 0.349528 0.000097 0.000377 0.000474 -203584809775 123456789
2000 2 1 5.937928 0.000059 0.000250 0.000309 -1067493743601 123456789
2000 4 1 4.321787 0.000151 0.000584 0.000735 -1067493743601 123456789
4000 2 1 128.687645 0.000062 0.000273 0.000335 -4380136852933 123456789
4000 4 1 84.171919 0.000098 0.000462 0.000560 -4380136852933 123456789
5500 2 1 311.662359 0.000055 0.000253 0.000308 1977819930506 123456789
5500 4 1 203.363668 0.000097 0.000433 0.000530 1977819930506 123456789
6000 2 1 384.223078 0.000057 0.000246 0.000303 -6828338004005 123456789
6000 4 1 247.493574 0.000113 0.000493 0.000606 -6828338004005 123456789
8000 2 1 821.429666 0.000057 0.000281 0.000338 4274878840897 123456789
8000 4 1 536.170972 0.000105 0.000463 0.000568 4274878840897 123456789
400 2 1 0.034406 0.000039 0.000182 0.000221 828679322912 123456789
400 4 1 0.020429 0.000083 0.000321 0.000404 828679322912 123456789
600 2 1 0.118871 0.000049 0.000206 0.000255 146500783793 123456789
600 4 1 0.063743 0.000080 0.000322 0.000402 146500783793 123456789
800 2 1 0.285702 0.000050 0.000233 0.000283 558985527324 123456789
800 4 1 0.171835 0.000098 0.000394 0.000492 558985527324 123456789
1000 2 1 0.627268 0.000057 0.000224 0.000281 -203584809775 123456789
1000 4 1 0.458387 0.000140 0.000485 0.000625 -203584809775 123456789
2000 2 1 6.099417 0.000060 0.000265 0.000325 -1067493743601 123456789
2000 4 1 4.228985 0.000148 0.000537 0.000685 -1067493743601 123456789
4000 2 1 128.458145 0.000058 0.000260 0.000318 -4380136852933 123456789
4000 4 1 83.692867 0.000101 0.000454 0.000555 -4380136852933 123456789
5500 2 1 309.687489 0.000054 0.000256 0.000310 1977819930506 123456789
5500 4 1 203.461406 0.000096 0.000417 0.000513 1977819930506 123456789
6000 2 1 384.107632 0.000061 0.000261 0.000322 -6828338004005 123456789
6000 4 1 245.226283 0.000096 0.000432 0.000528 -6828338004005 123456789
8000 2 1 815.027294 0.000062 0.000274 0.000336 4274878840897 123456789
8000 4 1 533.064755 0.000099 0.000458 0.000557 4274878840897 123456789
400 2 1 0.036090 0.000041 0.000188 0.000229 828679322912 123456789
400 4 1 0.019493 0.000081 0.000340 0.000421 828679322912 123456789
600 2 1 0.125758 0.000046 0.000210 0.000256 146500783793 123456789
600 4 1 0.072683 0.000097 0.000394 0.000491 146500783793 123456789
800 2 1 0.329061 0.000057 0.000221 0.000278 558985527324 123456789
800 4 1 0.218872 0.000128 0.000459 0.000587 558985527324 123456789
1000 2 1 0.659229 0.000055 0.000221 0.000276 -203584809775 123456789
1000 4 1 0.457365 0.000147 0.000557 0.000704 -203584809775 123456789
2000 2 1 6.179075 0.000063 0.000255 0.000318 -1067493743601 123456789
2000 4 1 4.145094 0.000144 0.000573 0.000717 -1067493743601 123456789
4000 2 1 128.090520 0.000056 0.000244 0.000300 -4380136852933 123456789
4000 4 1 83.346342 0.000101 0.000454 0.000555 -4380136852933 123456789
5500 2 1 311.866172 0.000057 0.000267 0.000324 1977819930506 123456789
5500 4 1 200.770686 0.000096 0.000448 0.000544 1977819930506 123456789
6000 2 1 378.369188 0.000056 0.000247 0.000303 -6828338004005 123456789
6000 4 1 244.016399 0.000100 0.000448 0.000548 -6828338004005 123456789
8000 2 1 810.596187 0.000059 0.000265 0.000324 4274878840897 123456789
8000 4 1 535.885095 0.000100 0.000436 0.000536 4274878840897 123456789
400 2 1 0.034230 0.000044 0.000174 0.000218 828679322912 123456789
400 4 1 0.020235 0.000079 0.000310 0.000389 828679322912 123456789
600 2 1 0.114969 0.000040 0.000187 0.000227 146500783793 123456789
600 4 1 0.064362 0.000083 0.000341 0.000424 146500783793 123456789
800 2 1 0.279887 0.000049 0.000205 0.000254 558985527324 123456789
800 4 1 0.152162 0.000096 0.000392 0.000488 558985527324 123456789
1000 2 1 0.575515 0.000050 0.000248 0.000298 -203584809775 123456789
1000 4 1 0.322767 0.000095 0.000367 0.000462 -203584809775 123456789
2000 2 1 5.874154 0.000055 0.000247 0.000302 -1067493743601 123456789
2000 4 1 4.116617 0.000137 0.000506 0.000643 -1067493743601 123456789
4000 2 1 128.615564 0.000057 0.000252 0.000309 -4380136852933 123456789
4000 4 1 84.117070 0.000101 0.000451 0.000552 -4380136852933 123456789
5500 2 1 308.648300 0.000055 0.000267 0.000322 1977819930506 123456789
5500 4 1 200.652718 0.000097 0.000435 0.000532 1977819930506 123456789
6000 2 1 381.399097 0.000057 0.000265 0.000322 -6828338004005 123456789
6000 4 1 241.771250 0.000092 0.000430 0.000522 -6828338004005 123456789
8000 2 1 825.841557 0.000058 0.000280 0.000338 4274878840897 123456789
8000 4 1 535.505062 0.000100 0.000448 0.000548 4274878840897 123456789
400 2 1 0.037655 0.000049 0.000187 0.000236 828679322912 123456789
400 4 1 0.019409 0.000086 0.000342 0.000428 828679322912 123456789
600 2 1 0.130556 0.000050 0.000214 0.000264 146500783793 123456789
600 4 1 0.077860 0.000100 0.000371 0.000471 146500783793 123456789
800 2 1 0.338089 0.000062 0.000242 0.000304 558985527324 123456789
800 4 1 0.220535 0.000123 0.000417 0.000540 558985527324 123456789
1000 2 1 0.670237 0.000059 0.000230 0.000289 -203584809775 123456789
1000 4 1 0.462281 0.000140 0.000542 0.000682 -203584809775 123456789
2000 2 1 6.257964 0.000060 0.000264 0.000324 -1067493743601 123456789
2000 4 1 4.300309 0.000146 0.000548 0.000694 -1067493743601 123456789
4000 2 1 132.154810 0.000058 0.000267 0.000325 -4380136852933 123456789
4000 4 1 86.257872 0.000100 0.000448 0.000548 -4380136852933 123456789
5500 2 1 312.416425 0.000055 0.000249 0.000304 1977819930506 123456789
5500 4 1 207.726990 0.000100 0.000445 0.000545 1977819930506 123456789
6000 2 1 388.092748 0.000056 0.000252 0.000308 -6828338004005 123456789
6000 4 1 250.932262 0.000105 0.000442 0.000547 -6828338004005 123456789
8000 2 1 820.668243 0.000058 0.000266 0.000324 4274878840897 123456789
8000 4 1 550.831688 0.000106 0.000488 0.000594 4274878840897 123456789
400 2 1 0.033433 0.000044 0.000189 0.000233 828679322912 123456789
400 4 1 0.020204 0.000083 0.000328 0.000411 828679322912 123456789
600 2 1 0.116023 0.000052 0.000238 0.000290 146500783793 123456789
600 4 1 0.066833 0.000090 0.000372 0.000462 146500783793 123456789
800 2 1 0.310598 0.000055 0.000219 0.000274 558985527324 123456789
800 4 1 0.214017 0.000129 0.000500 0.000629 558985527324 123456789
1000 2 1 0.683959 0.000071 0.000327 0.000398 -203584809775 123456789
1000 4 1 0.482214 0.000143 0.000567 0.000710 -203584809775 123456789
2000 2 1 6.362155 0.000065 0.000273 0.000338 -1067493743601 123456789
2000 4 1 4.383057 0.000159 0.000546 0.000705 -1067493743601 123456789
4000 2 1 135.161683 0.000055 0.000266 0.000321 -4380136852933 123456789
4000 4 1 88.574771 0.000095 0.000450 0.000545 -4380136852933 123456789
5500 2 1 315.572557 0.000057 0.000263 0.000320 1977819930506 123456789
5500 4 1 211.766638 0.000097 0.000445 0.000542 1977819930506 123456789
6000 2 1 391.780431 0.000057 0.000273 0.000330 -6828338004005 123456789
6000 4 1 258.900251 0.000094 0.000441 0.000535 -6828338004005 123456789
8000 2 1 856.292747 0.000058 0.000274 0.000332 4274878840897 123456789
8000 4 1 573.400479 0.000098 0.000457 0.000555 4274878840897 123456789
