N procesos trial wall_s user_s kernel_s cpu_total_s checksum seed
400 8 1 0.032379 0.000285 0.001444 0.001729 828679322912 123456789
400 16 1 0.020088 0.000528 0.001955 0.002483 828679322912 123456789
600 8 1 0.083756 0.000255 0.001147 0.001402 146500783793 123456789
600 16 1 0.066082 0.000583 0.002449 0.003032 146500783793 123456789
800 8 1 0.214974 0.000304 0.001462 0.001766 558985527324 123456789
800 16 1 0.164745 0.000680 0.003232 0.003912 558985527324 123456789
1000 8 1 0.411236 0.000289 0.001477 0.001766 -203584809775 123456789
1000 16 1 0.356769 0.000548 0.002705 0.003253 -203584809775 123456789
2000 8 1 2.486384 0.000231 0.001122 0.001353 -1067493743601 123456789
2000 16 1 2.199122 0.000562 0.002676 0.003238 -1067493743601 123456789
4000 8 1 49.602433 0.000177 0.000843 0.001020 -4380136852933 123456789
4000 16 1 45.412209 0.000567 0.002860 0.003427 -4380136852933 123456789
5500 8 1 142.828896 0.000212 0.001111 0.001323 1977819930506 123456789
5500 16 1 153.538525 0.000637 0.002893 0.003530 1977819930506 123456789
6000 8 1 191.024567 0.000250 0.001142 0.001392 -6828338004005 123456789
6000 16 1 192.522034 0.000582 0.002697 0.003279 -6828338004005 123456789
8000 8 1 521.472366 0.000223 0.001101 0.001324 4274878840897 123456789
8000 16 1 496.610840 0.000545 0.002644 0.003189 4274878840897 123456789
400 8 1 0.015627 0.000218 0.000918 0.001136 828679322912 123456789
400 16 1 0.016049 0.000437 0.001724 0.002161 828679322912 123456789
600 8 1 0.058689 0.000244 0.001013 0.001257 146500783793 123456789
600 16 1 0.063832 0.000612 0.002190 0.002802 146500783793 123456789
800 8 1 0.183281 0.000304 0.001198 0.001502 558985527324 123456789
800 16 1 0.165519 0.000635 0.002735 0.003370 558985527324 123456789
1000 8 1 0.425172 0.000361 0.001390 0.001751 -203584809775 123456789
1000 16 1 0.370017 0.000750 0.002864 0.003614 -203584809775 123456789
2000 8 1 3.741664 0.000348 0.001380 0.001728 -1067493743601 123456789
2000 16 1 3.297872 0.000896 0.003960 0.004856 -1067493743601 123456789
4000 8 1 62.915115 0.000257 0.001307 0.001564 -4380136852933 123456789
4000 16 1 56.712705 0.000580 0.003046 0.003626 -4380136852933 123456789
5500 8 1 168.905226 0.000251 0.001194 0.001445 1977819930506 123456789
5500 16 1 164.982313 0.000503 0.002649 0.003152 1977819930506 123456789
6000 8 1 215.138494 0.000211 0.001049 0.001260 -6828338004005 123456789
6000 16 1 204.615113 0.000519 0.002503 0.003022 -6828338004005 123456789
8000 8 1 481.881501 0.000261 0.001306 0.001567 4274878840897 123456789
8000 16 1 486.431122 0.000540 0.002344 0.002884 4274878840897 123456789
400 8 1 0.016444 0.000228 0.000958 0.001186 828679322912 123456789
400 16 1 0.016740 0.000465 0.001798 0.002263 828679322912 123456789
600 8 1 0.057614 0.000243 0.000970 0.001213 146500783793 123456789
600 16 1 0.061872 0.000611 0.002241 0.002852 146500783793 123456789
800 8 1 0.191886 0.000305 0.001218 0.001523 558985527324 123456789
800 16 1 0.159449 0.000666 0.002663 0.003329 558985527324 123456789
1000 8 1 0.362183 0.000343 0.001291 0.001634 -203584809775 123456789
1000 16 1 0.319400 0.000634 0.002710 0.003344 -203584809775 123456789
2000 8 1 3.375896 0.000353 0.001357 0.001710 -1067493743601 123456789
2000 16 1 3.073529 0.000742 0.003583 0.004325 -1067493743601 123456789
4000 8 1 57.615582 0.000236 0.001145 0.001381 -4380136852933 123456789
4000 16 1 52.493980 0.000503 0.002501 0.003004 -4380136852933 123456789
5500 8 1 150.449407 0.000235 0.001141 0.001376 1977819930506 123456789
5500 16 1 155.582230 0.000534 0.002751 0.003285 1977819930506 123456789
6000 8 1 183.945435 0.000220 0.000984 0.001204 -6828338004005 123456789
6000 16 1 182.717252 0.000546 0.002620 0.003166 -6828338004005 123456789
8000 8 1 464.820638 0.000210 0.001033 0.001243 4274878840897 123456789
8000 16 1 480.130729 0.000511 0.002562 0.003073 4274878840897 123456789
400 8 1 0.016299 0.000222 0.000902 0.001124 828679322912 123456789
400 16 1 0.016423 0.000450 0.001622 0.002072 828679322912 123456789
600 8 1 0.060565 0.000258 0.000967 0.001225 146500783793 123456789
600 16 1 0.064239 0.000554 0.002205 0.002759 146500783793 123456789
800 8 1 0.194853 0.000317 0.001374 0.001691 558985527324 123456789
800 16 1 0.165631 0.000631 0.002644 0.003275 558985527324 123456789
1000 8 1 0.374393 0.000330 0.001272 0.001602 -203584809775 123456789
1000 16 1 0.359938 0.000703 0.002983 0.003686 -203584809775 123456789
2000 8 1 3.456224 0.000359 0.001367 0.001726 -1067493743601 123456789
2000 16 1 3.190963 0.000826 0.003281 0.004107 -1067493743601 123456789
4000 8 1 61.094260 0.000218 0.001032 0.001250 -4380136852933 123456789
4000 16 1 52.545828 0.000538 0.002848 0.003386 -4380136852933 123456789
5500 8 1 164.943141 0.000223 0.001041 0.001264 1977819930506 123456789
5500 16 1 169.793974 0.000559 0.002724 0.003283 1977819930506 123456789
6000 8 1 195.595054 0.000236 0.001157 0.001393 -6828338004005 123456789
6000 16 1 193.662258 0.000528 0.002599 0.003127 -6828338004005 123456789
8000 8 1 485.981185 0.000221 0.001060 0.001281 4274878840897 123456789
8000 16 1 496.556770 0.000549 0.002520 0.003069 4274878840897 123456789
400 8 1 0.016800 0.000225 0.000941 0.001166 828679322912 123456789
400 16 1 0.017732 0.000486 0.001659 0.002145 828679322912 123456789
600 8 1 0.059430 0.000268 0.000958 0.001226 146500783793 123456789
600 16 1 0.062101 0.000547 0.002371 0.002918 146500783793 123456789
800 8 1 0.193456 0.000312 0.001212 0.001524 558985527324 123456789
800 16 1 0.163382 0.000638 0.002564 0.003202 558985527324 123456789
1000 8 1 0.381112 0.000353 0.001274 0.001627 -203584809775 123456789
1000 16 1 0.350161 0.000687 0.002890 0.003577 -203584809775 123456789
2000 8 1 3.511122 0.000340 0.001470 0.001810 -1067493743601 123456789
2000 16 1 3.301179 0.000850 0.003338 0.004188 -1067493743601 123456789
4000 8 1 58.640089 0.000243 0.001212 0.001455 -4380136852933 123456789
4000 16 1 63.907232 0.000542 0.002669 0.003211 -4380136852933 123456789
5500 8 1 159.230277 0.000259 0.001219 0.001478 1977819930506 123456789
5500 16 1 166.852514 0.000553 0.002725 0.003278 1977819930506 123456789
6000 8 1 196.274079 0.000263 0.001250 0.001513 -6828338004005 123456789
6000 16 1 202.952838 0.000512 0.002542 0.003054 -6828338004005 123456789
8000 8 1 489.468481 0.000203 0.000993 0.001196 4274878840897 123456789
8000 16 1 497.494580 0.000604 0.003002 0.003606 4274878840897 123456789
400 8 1 0.016527 0.000218 0.000877 0.001095 828679322912 123456789
400 16 1 0.015662 0.000493 0.001763 0.002256 828679322912 123456789
600 8 1 0.060412 0.000255 0.001013 0.001268 146500783793 123456789
600 16 1 0.063281 0.000613 0.002264 0.002877 146500783793 123456789
800 8 1 0.212914 0.000315 0.001172 0.001487 558985527324 123456789
800 16 1 0.163311 0.000618 0.002687 0.003305 558985527324 123456789
1000 8 1 0.386719 0.000369 0.001317 0.001686 -203584809775 123456789
1000 16 1 0.353600 0.000688 0.002802 0.003490 -203584809775 123456789
2000 8 1 3.547709 0.000363 0.001413 0.001776 -1067493743601 123456789
2000 16 1 3.173438 0.000676 0.003343 0.004019 -1067493743601 123456789
4000 8 1 61.543726 0.000244 0.001251 0.001495 -4380136852933 123456789
4000 16 1 63.792868 0.000604 0.003057 0.003661 -4380136852933 123456789
5500 8 1 156.959839 0.000238 0.001130 0.001368 1977819930506 123456789
5500 16 1 167.402246 0.000587 0.002614 0.003201 1977819930506 123456789
6000 8 1 192.184503 0.000240 0.001136 0.001376 -6828338004005 123456789
6000 16 1 202.230054 0.000512 0.002538 0.003050 -6828338004005 123456789
8000 8 1 485.032156 0.000232 0.001103 0.001335 4274878840897 123456789
8000 16 1 484.616047 0.000579 0.002587 0.003166 4274878840897 123456789
400 8 1 0.017625 0.000248 0.000949 0.001197 828679322912 123456789
400 16 1 0.016878 0.000507 0.001870 0.002377 828679322912 123456789
600 8 1 0.061132 0.000283 0.001334 0.001617 146500783793 123456789
600 16 1 0.067564 0.000633 0.002345 0.002978 146500783793 123456789
800 8 1 0.210378 0.000313 0.001317 0.001630 558985527324 123456789
800 16 1 0.173698 0.000659 0.002686 0.003345 558985527324 123456789
1000 8 1 0.363458 0.000350 0.001329 0.001679 -203584809775 123456789
1000 16 1 0.324632 0.000625 0.002667 0.003292 -203584809775 123456789
2000 8 1 3.418857 0.000403 0.001413 0.001816 -1067493743601 123456789
2000 16 1 3.125803 0.000796 0.003246 0.004042 -1067493743601 123456789
4000 8 1 58.945912 0.000249 0.001196 0.001445 -4380136852933 123456789
4000 16 1 60.573624 0.000516 0.002426 0.002942 -4380136852933 123456789
5500 8 1 151.453446 0.000222 0.001017 0.001239 1977819930506 123456789
5500 16 1 154.041679 0.000523 0.002627 0.003150 1977819930506 123456789
6000 8 1 184.797372 0.000219 0.001026 0.001245 -6828338004005 123456789
6000 16 1 186.250430 0.000537 0.002718 0.003255 -6828338004005 123456789
8000 8 1 445.481101 0.000225 0.001054 0.001279 4274878840897 123456789
8000 16 1 457.338678 0.000545 0.002610 0.003155 4274878840897 123456789
400 8 1 0.018753 0.000235 0.000959 0.001194 828679322912 123456789
400 16 1 0.018324 0.000482 0.001722 0.002204 828679322912 123456789
600 8 1 0.061578 0.000285 0.001223 0.001508 146500783793 123456789
600 16 1 0.063605 0.000606 0.002234 0.002840 146500783793 123456789
800 8 1 0.190637 0.000322 0.001151 0.001473 558985527324 123456789
800 16 1 0.163143 0.000594 0.002534 0.003128 558985527324 123456789
1000 8 1 0.383383 0.000310 0.001365 0.001675 -203584809775 123456789
1000 16 1 0.314534 0.000622 0.002645 0.003267 -203584809775 123456789
2000 8 1 3.165939 0.000299 0.001268 0.001567 -1067493743601 123456789
2000 16 1 2.874548 0.000690 0.003264 0.003954 -1067493743601 123456789
4000 8 1 55.737798 0.000216 0.001046 0.001262 -4380136852933 123456789
4000 16 1 49.199353 0.000539 0.002816 0.003355 -4380136852933 123456789
5500 8 1 154.846485 0.000240 0.001074 0.001314 1977819930506 123456789
5500 16 1 152.948534 0.000539 0.002573 0.003112 1977819930506 123456789
6000 8 1 179.444254 0.000231 0.001088 0.001319 -6828338004005 123456789
6000 16 1 183.943151 0.000539 0.002451 0.002990 -6828338004005 123456789
8000 8 1 457.120855 0.000252 0.001201 0.001453 4274878840897 123456789
8000 16 1 460.035501 0.000490 0.002492 0.002982 4274878840897 123456789
400 8 1 0.015752 0.000221 0.000920 0.001141 828679322912 123456789
400 16 1 0.016803 0.000448 0.001644 0.002092 828679322912 123456789
600 8 1 0.063376 0.000271 0.001154 0.001425 146500783793 123456789
600 16 1 0.057792 0.000611 0.002254 0.002865 146500783793 123456789
800 8 1 0.191436 0.000288 0.001159 0.001447 558985527324 123456789
800 16 1 0.164964 0.000606 0.002580 0.003186 558985527324 123456789
1000 8 1 0.361386 0.000318 0.001247 0.001565 -203584809775 123456789
1000 16 1 0.310021 0.000690 0.002675 0.003365 -203584809775 123456789
2000 8 1 3.265882 0.000359 0.001348 0.001707 -1067493743601 123456789
2000 16 1 3.105097 0.000697 0.003262 0.003959 -1067493743601 123456789
4000 8 1 55.292201 0.000268 0.001171 0.001439 -4380136852933 123456789
4000 16 1 50.792978 0.000522 0.002344 0.002866 -4380136852933 123456789
5500 8 1 151.061922 0.000229 0.001050 0.001279 1977819930506 123456789
5500 16 1 156.605558 0.000574 0.002779 0.003353 1977819930506 123456789
6000 8 1 187.899255 0.000247 0.001001 0.001248 -6828338004005 123456789
6000 16 1 195.052767 0.000527 0.002405 0.002932 -6828338004005 123456789
8000 8 1 466.049735 0.000221 0.001031 0.001252 4274878840897 123456789
8000 16 1 481.406063 0.000552 0.002719 0.003271 4274878840897 123456789
400 8 1 0.019356 0.000260 0.001202 0.001462 828679322912 123456789
400 16 1 0.019140 0.000532 0.001835 0.002367 828679322912 123456789
600 8 1 0.067170 0.000311 0.001172 0.001483 146500783793 123456789
600 16 1 0.060659 0.000618 0.002420 0.003038 146500783793 123456789
800 8 1 0.204307 0.000305 0.001314 0.001619 558985527324 123456789
800 16 1 0.203655 0.000664 0.002618 0.003282 558985527324 123456789
1000 8 1 0.374771 0.000347 0.001266 0.001613 -203584809775 123456789
1000 16 1 0.344231 0.000653 0.002603 0.003256 -203584809775 123456789
2000 8 1 3.405303 0.000356 0.001371 0.001727 -1067493743601 123456789
2000 16 1 3.113666 0.000740 0.003258 0.003998 -1067493743601 123456789
4000 8 1 57.809359 0.000245 0.001273 0.001518 -4380136852933 123456789
4000 16 1 55.200961 0.000515 0.002503 0.003018 -4380136852933 123456789
5500 8 1 152.245270 0.000243 0.001061 0.001304 1977819930506 123456789
5500 16 1 161.852702 0.000562 0.002667 0.003229 1977819930506 123456789
6000 8 1 190.454177 0.000194 0.000875 0.001069 -6828338004005 123456789
6000 16 1 194.650971 0.000504 0.002712 0.003216 -6828338004005 123456789
8000 8 1 474.362312 0.000219 0.001141 0.001360 4274878840897 123456789
8000 16 1 492.647938 0.000546 0.002754 0.003300 4274878840897 123456789
